(5, (23.464899999999997, 28.6629625))
(11, (11.761116666666664, 29.352430555555557))
(13, (24.56057291666666, 29.64395))
(14, (23.461756249999997, 29.662684722222224))
(20, (13.460004166666668, 30.31201527777778))
(22, (11.260622916666664, 30.35194166666667))
(24, (24.561662499999997, 30.643506944444447))
(25, (25.658972916666663, 30.67221111111111))
(33, (16.56076458333333, 31.229052777777774))
(35, (14.561231249999999, 31.292294444444444))
(37, (11.211985416666666, 31.34112916666667))
(43, (23.90592291666666, 31.363145833333334))
(52, (16.811329166666667, 32.200918055555555))
(58, (24.008899999999997, 32.29212916666667))
(62, (11.017320833333333, 32.343831944444446))
(70, (18.89793125, 33.096337500000004))
(80, (13.178737499999997, 33.29931666666667))
(82, (12.0115625, 33.31777777777778))
(84, (10.837060416666667, 33.324225000000006))
(85, (19.83953958333333, 33.50277222222222))
(91, (17.753181249999997, 34.104534722222226))
(92, (3.542420833333333, 34.15677916666667))
(94, (16.579291666666663, 34.16679027777778))
(95, (2.3461145833333337, 34.18143333333333))
(97, (15.402624999999997, 34.216572222222226))
(102, (13.034164583333332, 34.283698611111106))
(111, (19.99919791666666, 35.05180138888889))
(124, (12.885858333333331, 35.27564027777778))
(125, (9.271533333333334, 35.287686111111114))
(126, (11.68032083333333, 35.291736111111106))
(138, (16.38123958333333, 36.15170833333333))
(139, (5.402324999999999, 36.182249999999996))
(142, (6.631672916666666, 36.21744166666667))
(146, (9.069099999999999, 36.27486805555556))
(148, (10.291868749999999, 36.28626388888888))
(153, (19.996449999999996, 36.86435555555556))
(162, (15.04692708333333, 37.199730555555554))
(165, (7.635658333333332, 37.25462638888889))
(167, (8.859024999999999, 37.2671875))
(169, (10.097910416666666, 37.27910138888889))
(173, (22.07121458333333, 37.765705555555556))
(180, (3.593404166666666, 38.0975375))
(183, (7.284239583333333, 38.19593333333333))
(184, (9.729414583333332, 38.203277777777785))
(185, (8.511241666666665, 38.203270833333335))
(186, (10.957899999999999, 38.207523611111114))
(187, (14.586797916666665, 38.20899583333333))
(188, (12.13344375, 38.2105375))
(189, (6.101902083333332, 38.211286111111114))
(196, (19.635199999999998, 38.88231666666667))
(204, (14.823741666666667, 39.17829444444444))
(205, (7.12280625, 39.19275))
(207, (8.393675, 39.200162500000005))
(208, (12.267085416666664, 39.20362222222222))
(209, (10.9691625, 39.203788888888894))
(210, (9.676318749999998, 39.20565833333333))
(211, (13.541635416666665, 39.22078333333333))
(212, (8.821852083333331, 39.37247222222222))
(214, (11.348922916666666, 39.622795833333335))
(223, (17.30498958333333, 40.04962361111111))
(224, (2.9899375, 40.06035138888889))
(225, (16.012760416666666, 40.108787500000005))
(227, (14.688075, 40.179602777777774))
(228, (10.791262499999998, 40.18552777777778))
(229, (6.86823125, 40.18604444444444))
(231, (8.163679166666666, 40.19309027777778))
(232, (12.107504166666665, 40.19289305555555))
(233, (9.478475, 40.19886666666666))
(235, (12.0158875, 40.57257222222223))
(238, (357.18181875000005, 40.634484722222226))
(240, (22.29134375, 40.72391944444445))
(243, (0.9934437500000001, 40.87153472222222))
(248, (11.06150625, 41.08177777777779))
(249, (9.866772916666665, 41.08129444444445))
(253, (7.4563749999999995, 41.17584166666666))
(254, (8.753779166666668, 41.17663055555555))
(255, (6.125170833333334, 41.18398194444444))
(256, (13.228852083333333, 41.228461111111116))
(257, (12.159291666666666, 41.565574999999995))
(261, (21.00220625, 41.705193055555554))
(263, (180.00001458333335, 41.74741111111111))
(265, (9.845424999999999, 41.84594583333333))
(266, (11.074939583333334, 41.85508472222222))
(268, (2.150125, 41.96208055555556))
(269, (18.48495625, 41.97810833333334))
(274, (14.825447916666665, 42.16334166666667))
(275, (13.489139583333333, 42.16435277777778))
(276, (8.7084375, 42.171683333333334))
(277, (7.374808333333333, 42.17505833333333))
(278, (6.0384416666666665, 42.17953333333333))
(279, (12.16948125, 42.56006944444444))
(280, (23.64171875, 42.567176388888896))
(282, (21.07585833333333, 42.69976944444444))
(285, (10.881079166666664, 42.76019166666667))
(286, (9.536356249999999, 42.763111111111115))
(293, (4.191833333333333, 43.11412916666667))
(294, (16.1964875, 43.12460277777778))
(296, (13.51275833333333, 43.15924722222222))
(297, (8.192191666666666, 43.16660555555555))
(301, (12.178381249999997, 43.55604583333333))
(303, (22.562381249999994, 43.68714166666666))
(304, (21.208493749999995, 43.689880555555554))
(306, (10.888695833333331, 43.755473611111114))
(307, (9.53588125, 43.75934305555556))
(316, (14.88608958333333, 44.145809722222225))
(317, (13.533156249999998, 44.15410416666667))
(319, (6.823443750000001, 44.164431944444445))
(321, (23.932449999999996, 44.5355625))
(327, (10.892214583333333, 44.75157083333333))
(328, (9.529627083333331, 44.75442222222222))
(333, (2.777056250000001, 45.02348611111111))
(334, (17.611185416666665, 45.08225277777778))
(335, (4.101714583333333, 45.097790277777776))
(338, (13.550245833333332, 45.142922222222225))
(340, (8.167168749999998, 45.15702638888889))
(341, (5.4341583333333325, 45.15938333333333))
(342, (22.939683333333335, 45.537955555555556))
(351, (18.989585416666664, 45.9827375))
(362, (21.714722916666663, 46.65091527777778))
(368, (1.333485416666667, 46.911204166666664))
(375, (13.594060416666665, 47.131523611111106))
(390, (5.179245833333331, 48.085679166666665))
(392, (15.004610416666665, 48.13070555555555))
(395, (8.123316666666666, 48.145398611111105))
(398, (9.52049375, 48.74355416666667))
(402, (8.122583333333333, 49.145583333333335))
